3999.64038 384.42090
3997.71191 381.93848
3995.78345 378.74039
3993.85498 374.94876
3991.92651 370.78348
3989.99805 366.33600
3988.06958 361.46945
3986.14111 356.54340
3984.21265 351.92532
3982.28418 347.67111
3980.35571 343.70401
3978.42725 340.18939
3976.49878 336.98355
3974.57031 333.88437
3972.64185 330.99872
3970.71338 328.22275
3968.78491 325.50085
3966.85645 323.27609
3964.92798 321.50839
3962.99951 319.87097
3961.07104 318.49887
3959.14258 317.86295
3957.21411 317.70709
3955.28564 318.32660
3953.35718 319.87314
3951.42871 322.09116
3949.50024 324.80905
3947.57178 328.33414
3945.64331 332.62650
3943.71484 336.81982
3941.78638 340.43076
3939.85791 343.98209
3937.92944 347.64905
3936.00098 351.08383
3934.07251 353.43085
3932.14404 354.20914
3930.21558 354.19659
3928.28711 354.14246
3926.35864 354.44180
3924.43018 354.57104
3922.50171 354.50455
3920.57324 355.22549
3918.64478 356.34079
3916.71631 358.20087
3914.78784 361.08282
3912.85938 363.82910
3910.93091 366.00330
3909.00244 368.08072
3907.07397 369.80554
3905.14551 371.14673
3903.21704 372.37076
3901.28857 373.79501
3899.36011 375.17941
3897.43164 375.10297
3895.50317 371.80377
3893.57471 365.72098
3891.64624 358.50867
3889.71777 351.22705
3887.78931 345.53091
3885.86084 339.45691
3883.93237 332.96802
3882.00391 327.20865
3880.07544 321.56778
3878.14697 316.52853
3876.21851 311.62869
3874.29004 305.74307
3872.36157 300.23593
3870.43311 295.97189
3868.50464 292.33371
3866.57617 290.01544
3864.64771 287.71429
3862.71924 285.06241
3860.79077 282.23340
3858.86230 277.43030
3856.93384 270.55475
3855.00537 263.38510
3853.07690 256.57306
3851.14844 251.67265
3849.21997 249.47896
3847.29150 246.02422
3845.36304 241.22151
3843.43457 235.90877
3841.50610 230.74963
3839.57764 225.74739
3837.64917 220.65474
3835.72070 216.63443
3833.79224 213.70963
3831.86377 211.22826
3829.93530 209.03676
3828.00684 206.92880
3826.07837 203.59799
3824.14990 199.82611
3822.22144 195.77467
3820.29297 190.95065
3818.36450 186.95000
3816.43604 183.88567
3814.50757 181.14331
3812.57910 180.40012
3810.65063 180.16295
3808.72217 178.11923
3806.79370 175.30139
3804.86523 173.36435
3802.93677 172.67761
3801.00830 172.32353
3799.07983 173.29547
3797.15137 175.61685
3795.22290 177.49695
3793.29443 179.83728
3791.36597 182.10797
3789.43750 182.91850
3787.50903 182.53194
3785.58057 182.19479
3783.65210 181.88452
3781.72363 181.29199
3779.79517 181.11540
3777.86670 180.86102
3775.93823 180.44469
3774.00977 179.97525
3772.08130 178.03621
3770.15283 175.23386
3768.22437 172.45177
3766.29590 170.63857
3764.36743 168.70836
3762.43896 166.65146
3760.51050 165.07460
3758.58203 162.98917
3756.65356 160.65733
3754.72510 158.63791
3752.79663 155.56738
3750.86816 151.59689
3748.93970 148.07054
3747.01123 145.66895
3745.08276 143.42395
3743.15430 141.05621
3741.22583 139.98920
3739.29736 139.34758
3737.36890 137.91795
3735.44043 135.74837
3733.51196 133.33876
3731.58350 131.85013
3729.65503 131.11227
3727.72656 130.73053
3725.79810 129.66814
3723.86963 128.34973
3721.94116 126.93507
3720.01270 125.08887
3718.08423 123.34875
3716.15576 121.34780
3714.22729 119.13498
3712.29883 117.48346
3710.37036 116.64297
3708.44189 116.78645
3706.51343 117.54636
3704.58496 119.09220
3702.65649 121.40125
3700.72803 123.31762
3698.79956 124.84901
3696.87109 126.78104
3694.94263 129.12651
3693.01416 131.81427
3691.08569 134.19136
3689.15723 135.86644
3687.22876 136.74539
3685.30029 136.87236
3683.37183 136.37027
3681.44336 134.94545
3679.51489 132.95099
3677.58643 130.51854
3675.65796 128.06100
3673.72949 125.67480
3671.80103 123.28448
3669.87256 121.22296
3667.94409 119.16960
3666.01563 116.94730
3664.08716 114.32292
3662.15869 111.54067
3660.23022 108.74782
3658.30176 105.92542
3656.37329 102.88489
3654.44482 99.64886
3652.51636 96.19389
3650.58789 92.65302
3648.65942 89.15203
3646.73096 85.72196
3644.80249 82.43260
3642.87402 79.00886
3640.94556 75.63313
3639.01709 72.40483
3637.08862 69.38297
3635.16016 66.45860
3633.23169 63.60675
3631.30322 60.87730
3629.37476 58.17079
3627.44629 55.57556
3625.51782 52.96941
3623.58936 50.46380
3621.66089 47.89605
3619.73242 45.17981
3617.80396 42.27991
3615.87549 39.38089
3613.94702 36.60042
3612.01855 34.01122
3610.09009 31.57966
3608.16162 29.33977
3606.23315 27.11924
3604.30469 24.75494
3602.37622 22.36586
3600.44775 20.07015
3598.51929 17.90096
3596.59082 15.88590
3594.66235 14.07335
3592.73389 12.52818
3590.80542 11.28764
3588.87695 10.29334
3586.94849 9.44753
3585.02002 8.77880
3583.09155 8.13349
3581.16309 7.38587
3579.23462 6.50674
3577.30615 5.60461
3575.37769 4.67313
3573.44922 3.71368
3571.52075 2.79619
3569.59229 1.98632
3567.66382 1.19066
3565.73535 0.39192
3563.80688 -0.22634
3561.87842 -0.53613
3559.94995 -0.52861
3558.02148 -0.24941
3556.09302 0.31725
3554.16455 1.17207
3552.23608 2.26719
3550.30762 3.52685
3548.37915 4.86301
3546.45068 6.21358
3544.52222 7.39181
3542.59375 8.32727
3540.66528 9.06374
3538.73682 9.62890
3536.80835 9.99245
3534.87988 10.17227
3532.95142 10.22399
3531.02295 10.21446
3529.09448 10.13962
3527.16602 10.09484
3525.23755 10.21858
3523.30908 10.49961
3521.38062 10.85211
3519.45215 11.26952
3517.52368 11.86294
3515.59521 12.59699
3513.66675 13.37167
3511.73828 14.08555
3509.80981 14.73073
3507.88135 15.37926
3505.95288 15.99881
3504.02441 16.55528
3502.09595 16.98748
3500.16748 17.24152
3498.23901 17.28784
3496.31055 17.13599
3494.38208 16.82393
3492.45361 16.42796
3490.52515 15.91673
3488.59668 15.33310
3486.66821 14.74073
3484.73975 14.12396
3482.81128 13.45059
3480.88281 12.85387
3478.95435 12.37985
3477.02588 11.89042
3475.09741 11.29619
3473.16895 10.66897
3471.24048 10.14284
3469.31201 9.71813
3467.38354 9.28750
3465.45508 8.74825
3463.52661 8.05839
3461.59814 7.27104
3459.66968 6.40968
3457.74121 5.51405
3455.81274 4.63208
3453.88428 3.83116
3451.95581 3.06259
3450.02734 2.34436
3448.09888 1.73484
3446.17041 1.22148
3444.24194 0.73417
3442.31348 0.34064
3440.38501 0.00260
3438.45654 -0.31093
3436.52808 -0.61835
3434.59961 -0.88501
3432.67114 -1.10834
3430.74268 -1.36453
3428.81421 -1.68064
3426.88574 -2.11648
3424.95728 -2.61702
3423.02881 -3.06316
3421.10034 -3.41261
3419.17188 -3.60281
3417.24341 -3.61705
3415.31494 -3.44816
3413.38647 -3.09527
3411.45801 -2.55185
3409.52954 -1.81551
3407.60107 -0.93131
3405.67261 0.01746
3403.74414 1.10287
3401.81567 2.33472
3399.88721 3.67564
3397.95874 4.96608
3396.03027 6.16395
3394.10181 7.31624
3392.17334 8.38485
3390.24487 9.31216
3388.31641 10.04405
3386.38794 10.66696
3384.45947 11.22793
3382.53101 11.75078
3380.60254 12.24949
3378.67407 12.70937
3376.74561 13.19728
3374.81714 13.77228
3372.88867 14.41157
3370.96021 15.10602
3369.03174 15.87736
3367.10327 16.70800
3365.17480 17.66398
3363.24634 18.72220
3361.31787 19.79362
3359.38940 20.79667
3357.46094 21.78280
3355.53247 22.77142
3353.60400 23.67481
3351.67554 24.44136
3349.74707 25.03835
3347.81860 25.48588
3345.89014 25.79586
3343.96167 26.00890
3342.03320 26.11292
3340.10474 26.13418
3338.17627 26.14243
3336.24780 26.12177
3334.31934 26.04818
3332.39087 25.91915
3330.46240 25.79179
3328.53394 25.67832
3326.60547 25.63111
3324.67700 25.62337
3322.74854 25.62056
3320.82007 25.62512
3318.89160 25.66795
3316.96313 25.69221
3315.03467 25.66584
3313.10620 25.61073
3311.17773 25.51575
3309.24927 25.40007
3307.32080 25.28741
3305.39233 25.17649
3303.46387 25.05853
3301.53540 24.96946
3299.60693 24.90084
3297.67847 24.79455
3295.75000 24.67332
3293.82153 24.57543
3291.89307 24.55026
3289.96460 24.58720
3288.03613 24.70313
3286.10767 24.84723
3284.17920 24.99477
3282.25073 25.13967
3280.32227 25.28221
3278.39380 25.34703
3276.46533 25.37633
3274.53687 25.40235
3272.60840 25.41025
3270.67993 25.41132
3268.75146 25.44341
3266.82300 25.52822
3264.89453 25.70605
3262.96606 25.99037
3261.03760 26.34344
3259.10913 26.75075
3257.18066 27.28493
3255.25220 27.96085
3253.32373 28.72837
3251.39526 29.56515
3249.46680 30.48632
3247.53833 31.44781
3245.60986 32.41372
3243.68140 33.35633
3241.75293 34.26072
3239.82446 35.10741
3237.89600 35.95681
3235.96753 36.80411
3234.03906 37.68083
3232.11060 38.61204
3230.18213 39.61410
3228.25366 40.67137
3226.32520 41.79837
3224.39673 42.96418
3222.46826 44.14726
3220.53979 45.34391
3218.61133 46.55376
3216.68286 47.73298
3214.75439 48.85808
3212.82593 49.96009
3210.89746 51.07810
3208.96899 52.22482
3207.04053 53.35476
3205.11206 54.47141
3203.18359 55.61315
3201.25513 56.80713
3199.32666 58.08480
3197.39819 59.39783
3195.46973 60.76353
3193.54126 62.16097
3191.61279 63.59600
3189.68433 65.06184
3187.75586 66.55435
3185.82739 68.06741
3183.89893 69.61516
3181.97046 71.14068
3180.04199 72.58881
3178.11353 74.00064
3176.18506 75.42799
3174.25659 76.89582
3172.32813 78.43680
3170.39966 80.03668
3168.47119 81.59580
3166.54272 83.09196
3164.61426 84.53303
3162.68579 85.93953
3160.75732 87.31006
3158.82886 88.58958
3156.90039 89.82549
3154.97192 91.02508
3153.04346 92.20421
3151.11499 93.32631
3149.18652 94.38354
3147.25806 95.40607
3145.32959 96.44854
3143.40112 97.52122
3141.47266 98.67185
3139.54419 99.98190
3137.61572 101.45153
3135.68726 103.07062
3133.75879 104.82043
3131.83032 106.66901
3129.90186 108.52668
3127.97339 110.38026
3126.04492 112.26946
3124.11646 114.24784
3122.18799 116.27032
3120.25952 118.31541
3118.33105 120.34413
3116.40259 122.27721
3114.47412 124.08057
3112.54565 125.75681
3110.61719 127.30332
3108.68872 128.76474
3106.76025 130.23534
3104.83179 131.69733
3102.90332 133.14136
3100.97485 134.58823
3099.04639 136.07788
3097.11792 137.61583
3095.18945 139.19588
3093.26099 140.85928
3091.33252 142.54674
3089.40405 144.24098
3087.47559 145.96179
3085.54712 147.73663
3083.61865 149.55223
3081.69019 151.39636
3079.76172 153.14177
3077.83325 154.81313
3075.90479 156.46188
3073.97632 158.08878
3072.04785 159.62039
3070.11938 161.09222
3068.19092 162.52574
3066.26245 163.91489
3064.33398 165.29106
3062.40552 166.67413
3060.47705 168.04333
3058.54858 169.36993
3056.62012 170.64569
3054.69165 171.88916
3052.76318 173.04572
3050.83472 174.09001
3048.90625 175.12317
3046.97778 176.23367
3045.04932 177.41743
3043.12085 178.59975
3041.19238 179.76379
3039.26392 181.04643
3037.33545 182.43903
3035.40698 183.88231
3033.47852 185.30583
3031.55005 186.72137
3029.62158 188.15294
3027.69312 189.62061
3025.76465 190.98685
3023.83618 192.21207
3021.90771 193.28984
3019.97925 194.26721
3018.05078 195.14211
3016.12231 195.99368
3014.19385 196.88525
3012.26538 197.89799
3010.33691 199.14153
3008.40845 200.61024
3006.47998 202.26828
3004.55151 204.10779
3002.62305 206.12558
3000.69458 208.33174
2998.76611 210.62779
2996.83765 212.96440
2994.90918 215.25848
2992.98071 217.50598
2991.05225 219.69771
2989.12378 221.73280
2987.19531 223.44249
2985.26685 224.93864
2983.33838 226.23981
2981.40991 227.34395
2979.48145 228.26791
2977.55298 229.07556
2975.62451 229.79889
2973.69604 230.54425
2971.76758 231.26431
2969.83911 231.97990
2967.91064 232.74367
2965.98218 233.52228
2964.05371 234.28972
2962.12524 235.17307
2960.19678 236.21461
2958.26831 237.45007
2956.33984 238.84216
2954.41138 240.40637
2952.48291 242.07925
2950.55444 243.80614
2948.62598 245.55275
2946.69751 247.35629
2944.76904 249.11372
2942.84058 250.71960
2940.91211 252.11563
2938.98364 253.23039
2937.05518 254.06667
2935.12671 254.66731
2933.19824 254.91077
2931.26978 254.90776
2929.34131 254.72707
2927.41284 254.44104
2925.48438 254.22517
2923.55591 254.26036
2921.62744 254.53244
2919.69897 255.06798
2917.77051 255.92368
2915.84204 257.11813
2913.91357 258.64264
2911.98511 260.54526
2910.05664 262.79019
2908.12817 265.30551
2906.19971 267.93610
2904.27124 270.52765
2902.34277 272.99850
2900.41431 275.26520
2898.48584 277.31323
2896.55737 279.08508
2894.62891 280.48199
2892.70044 281.56503
2890.77197 282.39490
2888.84351 283.04440
2886.91504 283.50409
2884.98657 283.77411
2883.05811 283.84995
2881.12964 283.83472
2879.20117 283.77600
2877.27271 283.69443
2875.34424 283.70001
2873.41577 283.84225
2871.48730 284.07703
2869.55884 284.39767
2867.63037 284.73819
2865.70190 285.12857
2863.77344 285.60321
2861.84497 286.14743
2859.91650 286.77396
2857.98804 287.42551
2856.05957 288.07465
2854.13110 288.79965
2852.20264 289.65744
2850.27417 290.64151
2848.34570 291.76807
2846.41724 293.16779
2844.48877 294.85248
2842.56030 296.79816
2840.63184 299.00015
2838.70337 301.50220
2836.77490 304.32132
2834.84644 307.37814
2832.91797 310.64801
2830.98950 314.13528
2829.06104 317.68375
2827.13257 321.22461
2825.20410 324.64960
2823.27563 327.84079
2821.34717 330.74323
2819.41870 333.31757
2817.49023 335.55765
2815.56177 337.46609
2813.63330 339.05075
2811.70483 340.37637
2809.77637 341.52142
2807.84790 342.52921
2805.91943 343.33133
2803.99097 343.97534
2802.06250 344.52209
2800.13403 344.99734
2798.20557 345.47849
2796.27710 346.01559
2794.34863 346.63577
2792.42017 347.31424
2790.49170 347.94815
2788.56323 348.61200
2786.63477 349.26288
2784.70630 349.87210
2782.77783 350.50220
2780.84937 351.13498
2778.92090 351.74527
2776.99243 352.36530
2775.06396 353.04462
2773.13550 353.82001
2771.20703 354.64835
2769.27856 355.47806
2767.35010 356.23438
2765.42163 356.91721
2763.49316 357.47614
2761.56470 357.91824
2759.63623 358.26193
2757.70776 358.46268
2755.77930 358.48743
2753.85083 358.39651
2751.92236 358.19409
2749.99390 357.90839
2748.06543 357.42429
2746.13696 356.77322
2744.20850 356.01529
2742.28003 355.15390
2740.35156 354.33463
2738.42310 353.65686
2736.49463 353.11618
2734.56616 352.68829
2732.63770 352.30511
2730.70923 351.96082
2728.78076 351.66788
2726.85229 351.51038
2724.92383 351.47498
2722.99536 351.53275
2721.06689 351.63797
2719.13843 351.79083
2717.20996 352.03094
2715.28149 352.40411
2713.35303 352.82599
2711.42456 353.27280
2709.49609 353.68814
2707.56763 354.10031
2705.63916 354.51019
2703.71069 354.97119
2701.78223 355.52826
2699.85376 356.09323
2697.92529 356.58286
2695.99683 356.96411
2694.06836 357.23303
2692.13989 357.48102
2690.21143 357.74829
2688.28296 358.03860
2686.35449 358.25708
2684.42603 358.39365
2682.49756 358.46689
2680.56909 358.50436
2678.64063 358.53699
2676.71216 358.57504
2674.78369 358.57764
2672.85522 358.60083
2670.92676 358.62686
2668.99829 358.65048
2667.06982 358.67801
2665.14136 358.74130
2663.21289 358.82156
2661.28442 358.91208
2659.35596 358.97925
2657.42749 358.99954
2655.49902 359.00055
2653.57056 359.05072
2651.64209 359.11996
2649.71362 359.15594
2647.78516 359.14651
2645.85669 359.13275
2643.92822 359.09143
2641.99976 358.95493
2640.07129 358.71436
2638.14282 358.42398
2636.21436 358.08328
2634.28589 357.76541
2632.35742 357.46976
2630.42896 357.17633
2628.50049 356.88412
2626.57202 356.61203
2624.64355 356.36783
2622.71509 356.13754
2620.78662 355.86981
2618.85815 355.57715
2616.92969 355.28525
2615.00122 354.99817
2613.07275 354.67691
2611.14429 354.29132
2609.21582 353.84595
2607.28735 353.30847
2605.35889 352.59372
2603.43042 351.67236
2601.50195 350.62030
2599.57349 349.52039
2597.64502 348.35895
2595.71655 347.20554
2593.78809 346.03809
2591.85962 344.84039
2589.93115 343.63806
2588.00269 342.47659
2586.07422 341.37918
2584.14575 340.38345
2582.21729 339.50320
2580.28882 338.69254
2578.36035 337.90509
2576.43188 337.18643
2574.50342 336.55594
2572.57495 335.97644
2570.64648 335.40793
2568.71802 334.79947
2566.78955 334.09259
2564.86108 333.30670
2562.93262 332.47336
2561.00415 331.63254
2559.07568 330.77197
2557.14722 329.92438
2555.21875 329.05945
2553.29028 328.19754
2551.36182 327.38904
2549.43335 326.67969
2547.50488 326.07172
2545.57642 325.58957
2543.64795 325.18600
2541.71948 324.80759
2539.79102 324.49966
2537.86255 324.31982
2535.93408 324.19717
2534.00562 324.07693
2532.07715 323.93536
2530.14868 323.73676
2528.22021 323.45605
2526.29175 323.14502
2524.36328 322.82880
2522.43481 322.51331
2520.50635 322.15338
2518.57788 321.76578
2516.64941 321.34808
2514.72095 320.90805
2512.79248 320.46036
2510.86401 320.00089
2508.93555 319.50940
2507.00708 319.03180
2505.07861 318.54504
2503.15015 318.04349
2501.22168 317.55557
2499.29321 317.05786
2497.36475 316.52603
2495.43628 316.02478
2493.50781 315.55646
2491.57935 315.09924
2489.65088 314.67307
2487.72241 314.31345
2485.79395 313.98810
2483.86548 313.66949
2481.93701 313.33868
2480.00854 313.01154
2478.08008 312.65152
2476.15161 312.24890
2474.22314 311.79233
2472.29468 311.30118
2470.36621 310.79160
2468.43774 310.28256
2466.50928 309.69458
2464.58081 309.01260
2462.65234 308.26300
2460.72388 307.46149
2458.79541 306.63428
2456.86694 305.81540
2454.93848 304.94708
2453.01001 304.02475
2451.08154 303.09088
2449.15308 302.15723
2447.22461 301.19431
2445.29614 300.21924
2443.36768 299.23706
2441.43921 298.27182
2439.51074 297.32068
2437.58228 296.39670
2435.65381 295.48242
2433.72534 294.61334
2431.79688 293.76648
2429.86841 292.89240
2427.93994 291.94189
2426.01147 290.95920
2424.08301 289.99094
2422.15454 289.04846
2420.22607 288.10794
2418.29761 287.16489
2416.36914 286.18011
2414.44067 285.20370
2412.51221 284.27823
2410.58374 283.40955
2408.65527 282.60730
2406.72681 281.92114
2404.79834 281.33398
2402.86987 280.81873
2400.94141 280.35623
2399.01294 279.91656
2397.08447 279.42899
2395.15601 278.87085
2393.22754 278.15991
2391.29907 277.23032
2389.37061 276.07587
2387.44214 274.74652
2385.51367 273.11481
2383.58521 271.04184
2381.65674 268.62497
2379.72827 266.05695
2377.79980 263.49460
2375.87134 261.14288
2373.94287 259.10593
2372.01440 257.43713
2370.08594 256.16666
2368.15747 255.33900
2366.22900 254.94334
2364.30054 254.97394
2362.37207 255.42722
2360.44360 256.21246
2358.51514 257.20319
2356.58667 258.31531
2354.65820 259.39774
2352.72974 260.30341
2350.80127 260.92645
2348.87280 261.11356
2346.94434 260.57639
2345.01587 259.44263
2343.08740 258.14798
2341.15894 256.87262
2339.23047 255.65170
2337.30200 254.53394
2335.37354 253.46652
2333.44507 252.42929
2331.51660 251.46233
2329.58813 250.63811
2327.65967 249.96323
2325.73120 249.43770
2323.80273 249.06178
2321.87427 248.80057
2319.94580 248.59909
2318.01733 248.39581
2316.08887 248.10019
2314.16040 247.65836
2312.23193 247.04321
2310.30347 246.20602
2308.37500 245.14435
2306.44653 244.07623
2304.51807 243.10504
2302.58960 242.12190
2300.66113 241.07794
2298.73267 239.99564
2296.80420 238.84061
2294.87573 237.62997
2292.94727 236.40691
2291.01880 235.16904
2289.09033 233.91362
2287.16187 232.68695
2285.23340 231.50536
2283.30493 230.35251
2281.37646 229.21136
2279.44800 228.09116
2277.51953 226.99405
2275.59106 225.93561
2273.66260 224.90610
2271.73413 223.89250
2269.80566 222.87392
2267.87720 221.85378
2265.94873 220.82849
2264.02026 219.81017
2262.09180 218.83018
2260.16333 217.89691
2258.23486 216.95862
2256.30640 216.01747
2254.37793 215.08432
2252.44946 214.14935
2250.52100 213.22191
2248.59253 212.30879
2246.66406 211.38867
2244.73560 210.46800
2242.80713 209.57214
2240.87866 208.71852
2238.95020 207.88812
2237.02173 207.07594
2235.09326 206.27866
2233.16479 205.50841
2231.23633 204.74628
2229.30786 203.99641
2227.37939 203.27309
2225.45093 202.58572
2223.52246 201.92236
2221.59399 201.24605
2219.66553 200.53020
2217.73706 199.79272
2215.80859 199.03242
2213.88013 198.23965
2211.95166 197.40880
2210.02319 196.56070
2208.09473 195.71909
2206.16626 194.89532
2204.23779 194.09740
2202.30933 193.32439
2200.38086 192.54895
2198.45239 191.78069
2196.52393 191.03635
2194.59546 190.31848
2192.66699 189.60985
2190.73853 188.91846
2188.81006 188.24590
2186.88159 187.58881
2184.95313 186.92372
2183.02466 186.22951
2181.09619 185.51431
2179.16772 184.78841
2177.23926 184.04735
2175.31079 183.29910
2173.38232 182.54959
2171.45386 181.82166
2169.52539 181.11633
2167.59692 180.42342
2165.66846 179.73863
2163.73999 179.06134
2161.81152 178.37697
2159.88306 177.70247
2157.95459 177.03394
2156.02612 176.36749
2154.09766 175.69525
2152.16919 175.02574
2150.24072 174.35414
2148.31226 173.67691
2146.38379 172.97227
2144.45532 172.23927
2142.52686 171.49609
2140.59839 170.74942
2138.66992 169.99550
2136.74146 169.25012
2134.81299 168.51927
2132.88452 167.81731
2130.95605 167.13721
2129.02759 166.48015
2127.09912 165.85175
2125.17065 165.26614
2123.24219 164.70975
2121.31372 164.18645
2119.38525 163.68138
2117.45679 163.19379
2115.52832 162.72075
2113.59985 162.26863
2111.67139 161.82150
2109.74292 161.37416
2107.81445 160.91496
2105.88599 160.45714
2103.95752 160.00848
2102.02905 159.57324
2100.10059 159.14468
2098.17212 158.73056
2096.24365 158.33531
2094.31519 157.95953
2092.38672 157.59439
2090.45825 157.25302
2088.52979 156.93620
2086.60132 156.65121
2084.67285 156.38492
2082.74438 156.14133
2080.81592 155.90938
2078.88745 155.69635
2076.95898 155.50571
2075.03052 155.33311
2073.10205 155.16129
2071.17358 154.99352
2069.24512 154.90433
2067.31665 154.80861
2065.38818 154.69402
2063.45972 154.57510
2061.53125 154.46603
2059.60278 154.37753
2057.67432 154.31824
2055.74585 154.29948
2053.81738 154.35406
2051.88892 154.52226
2049.96045 154.59637
2048.03198 154.68945
2046.10339 154.79474
2044.17493 154.92010
2042.24646 155.05281
2040.31799 155.20219
2038.38953 155.36369
2036.46106 155.52727
2034.53259 155.68703
2032.60413 155.85583
2030.67566 156.02454
2028.74719 156.21747
2026.81873 156.44392
2024.89026 156.71364
2022.96179 157.01389
2021.03333 157.32938
2019.10486 157.64479
2017.17639 157.96678
2015.24792 158.32161
2013.31946 158.70390
2011.39099 159.07846
2009.46252 159.45595
2007.53406 159.84248
2005.60559 160.23479
2003.67712 160.63547
2001.74866 161.05969
1999.82019 161.48239
1997.89172 161.89696
1995.96326 162.29761
1994.03479 162.68726
1992.10632 163.06303
1990.17786 163.49585
1988.24939 163.96396
1986.32092 164.43472
1984.39246 164.89113
1982.46399 165.32338
1980.53552 165.73062
1978.60706 166.18304
1976.67859 166.67509
1974.75012 167.16740
1972.82166 167.64655
1970.89319 168.12280
1968.96472 168.59106
1967.03625 169.05896
1965.10779 169.55394
1963.17932 170.04813
1961.25085 170.48224
1959.32239 170.91824
1957.39392 171.34952
1955.46545 171.77451
1953.53699 172.25060
1951.60852 172.76784
1949.68005 173.25089
1947.75159 173.68204
1945.82312 174.09476
1943.89465 174.52185
1941.96619 174.97807
1940.03772 175.52274
1938.10925 176.05191
1936.18079 176.52396
1934.25232 176.95100
1932.32385 177.35553
1930.39539 177.76398
1928.46692 178.14957
1926.53845 178.52782
1924.60999 178.90736
1922.68152 179.26727
1920.75305 179.70583
1918.82458 180.14886
1916.89612 180.60648
1914.96765 181.11913
1913.03918 181.57182
1911.11072 181.95741
1909.18225 182.29909
1907.25378 182.62143
1905.32532 183.00119
1903.39685 183.45026
1901.46838 183.91972
1899.53992 184.30623
1897.61145 184.61800
1895.68298 184.87926
1893.75452 185.12756
1891.82605 185.35458
1889.89758 185.51479
1887.96912 185.68762
1886.04065 185.87198
1884.11218 185.99167
1882.18372 186.08931
1880.25525 186.21825
1878.32678 186.39366
1876.39832 186.52737
1874.46985 186.56801
1872.54138 186.55945
1870.61292 186.50714
1868.68445 186.41925
1866.75598 186.49928
1864.82751 186.68019
1862.89905 186.75734
1860.97058 186.77090
1859.04211 186.73926
1857.11365 186.64301
1855.18518 186.48399
1853.25671 186.25070
1851.32825 185.93800
1849.39978 185.56679
1847.47131 185.16164
1845.54285 184.75505
1843.61438 184.42792
1841.68591 184.24919
1839.75745 184.00893
1837.82898 183.65312
1835.90051 183.30688
1833.97205 182.95508
1832.04358 182.55690
1830.11511 182.14444
1828.18665 181.97993
1826.25818 181.85695
1824.32971 181.55988
1822.40125 181.22583
1820.47278 180.76622
1818.54431 180.11925
1816.61584 179.36488
1814.68738 178.50348
1812.75891 177.49776
1810.83044 176.35840
1808.90198 175.29414
1806.97351 174.30594
1805.04504 173.31236
1803.11658 172.29849
1801.18811 171.13237
1799.25964 169.96585
1797.33118 168.89232
1795.40271 167.76627
1793.47424 166.65086
1791.54578 165.66628
1789.61731 164.86209
1787.68884 164.00363
1785.76038 163.04564
1783.83191 162.13048
1781.90344 161.17253
1779.97498 160.16275
1778.04651 159.16006
1776.11804 158.10753
1774.18958 156.97441
1772.26111 155.77702
1770.33264 154.84557
1768.40417 153.95570
1766.47571 152.95436
1764.54724 151.84315
1762.61877 150.51839
1760.69031 149.12172
1758.76184 147.63223
1756.83337 145.87611
1754.90491 144.05623
1752.97644 142.21249
1751.04797 140.28954
1749.11951 138.34898
1747.19104 136.38107
1745.26257 134.35831
1743.33411 132.19633
1741.40564 129.98466
1739.47717 127.68800
1737.54871 125.37088
1735.62024 123.05798
1733.69177 120.78362
1731.76331 118.83725
1729.83484 116.78357
1727.90637 114.53610
1725.97791 112.10726
1724.04944 109.45399
1722.12097 106.67045
1720.19250 103.79326
1718.26404 100.78496
1716.33557 97.88886
1714.40710 95.04077
1712.47864 92.13921
1710.55017 89.18475
1708.62170 86.07239
1706.69324 82.85004
1704.76477 79.60467
1702.83630 76.42178
1700.90784 73.20232
1698.97937 70.14095
1697.05090 67.24325
1695.12244 64.45012
1693.19397 61.83520
1691.26550 59.09007
1689.33704 56.33300
1687.40857 53.62788
1685.48010 50.95105
1683.55164 48.39882
1681.62317 46.09019
1679.69470 43.89820
1677.76624 41.83531
1675.83777 39.79002
1673.90930 37.74036
1671.98083 35.75518
1670.05237 33.83187
1668.12390 32.04103
1666.19543 30.38118
1664.26697 28.81539
1662.33850 27.32921
1660.41003 26.03433
1658.48157 24.85155
1656.55310 23.70914
1654.62463 22.64776
1652.69617 21.67257
1650.76770 20.89440
1648.83923 20.23916
1646.91077 19.67115
1644.98230 19.27746
1643.05383 19.02904
1641.12537 18.81180
1639.19690 18.66716
1637.26843 18.62042
1635.33997 18.70104
1633.41150 18.94004
1631.48303 19.29489
1629.55457 19.78299
1627.62610 20.39527
1625.69763 21.15013
1623.76917 22.06077
1621.84070 23.15475
1619.91223 24.41278
1617.98376 25.83402
1616.05530 27.43765
1614.12683 29.26874
1612.19836 31.33181
1610.26990 33.53873
1608.34143 35.86347
1606.41296 38.36488
1604.48450 40.98808
1602.55603 43.67624
1600.62756 46.43227
1598.69910 49.17721
1596.77063 51.90565
1594.84216 54.76360
1592.91370 57.63467
1590.98523 60.46687
1589.05676 63.20538
1587.12830 65.82224
1585.19983 68.29276
1583.27136 70.56802
1581.34290 72.66208
1579.41443 74.57652
1577.48596 76.37518
1575.55750 78.19676
1573.62903 79.98857
1571.70056 81.56358
1569.77209 83.00475
1567.84363 84.40747
1565.91516 85.66672
1563.98669 86.76473
1562.05823 87.78731
1560.12976 88.69463
1558.20129 89.75624
1556.27283 91.07551
1554.34436 92.28513
1552.41589 93.41764
1550.48743 94.40997
1548.55896 95.26524
1546.63049 95.95354
1544.70203 96.48930
1542.77356 97.13889
1540.84509 97.87258
1538.91663 98.70036
1536.98816 99.56346
1535.05969 100.21544
1533.13123 100.67935
1531.20276 101.14946
1529.27429 101.45695
1527.34583 101.58371
1525.41736 101.69892
1523.48889 101.87774
1521.56042 102.08453
1519.63196 102.46404
1517.70349 102.83509
1515.77502 103.02579
1513.84656 103.18830
1511.91809 103.23886
1509.98962 103.28606
1508.06116 103.43272
1506.13269 103.79429
1504.20422 104.42956
1502.27576 105.02213
1500.34729 105.55137
1498.41882 105.97217
1496.49036 106.26225
1494.56189 106.59511
1492.63342 106.97060
1490.70496 107.21599
1488.77649 107.49154
1486.84802 107.80894
1484.91956 108.06444
1482.99109 108.20766
1481.06262 108.24847
1479.13416 108.15658
1477.20569 107.92937
1475.27722 107.61685
1473.34875 107.32116
1471.42029 107.16036
1469.49182 107.08056
1467.56335 106.96452
1465.63489 106.79246
1463.70642 106.53774
1461.77795 106.29892
1459.84949 106.06786
1457.92102 105.89296
1455.99255 105.95393
1454.06409 106.19109
1452.13562 106.40156
1450.20715 106.62403
1448.27869 106.80591
1446.35022 106.94717
1444.42175 107.02301
1442.49329 107.02823
1440.56482 107.00798
1438.63635 106.93088
1436.70789 106.86792
1434.77942 106.93281
1432.85095 106.98996
1430.92249 106.97872
1428.99402 106.92097
1427.06555 106.86662
1425.13708 106.79138
1423.20862 106.72852
1421.28015 106.68390
1419.35168 106.68184
1417.42322 106.80990
1415.49475 106.90115
1413.56628 106.82057
1411.63782 106.67414
1409.70935 106.50465
1407.78088 106.29682
1405.85242 106.02328
1403.92395 105.73161
1401.99548 105.43613
1400.06702 105.13277
1398.13855 104.92497
1396.21008 104.81959
1394.28162 104.72169
1392.35315 104.68538
1390.42468 104.67255
1388.49622 104.66082
1386.56775 104.69056
1384.63928 104.80096
1382.71082 104.91270
1380.78235 105.01634
1378.85388 105.12195
1376.92542 105.17650
1374.99695 105.18745
1373.06848 105.21606
1371.14001 105.23611
1369.21155 105.18362
1367.28308 105.08299
1365.35461 104.94568
1363.42615 104.75635
1361.49768 104.57068
1359.56921 104.41127
1357.64075 104.20831
1355.71228 103.96483
1353.78381 103.70758
1351.85535 103.41263
1349.92688 103.10847
1347.99841 102.82011
1346.06995 102.52744
1344.14148 102.20712
1342.21301 101.89130
1340.28455 101.59193
1338.35608 101.34991
1336.42761 101.16155
1334.49915 100.99818
1332.57068 100.82935
1330.64221 100.65197
1328.71375 100.49612
1326.78528 100.35778
1324.85681 100.24229
1322.92834 100.15792
1320.99988 100.07339
1319.07141 99.97973
1317.14294 99.90877
1315.21448 99.85113
1313.28601 99.78867
1311.35754 99.72227
1309.42908 99.65181
1307.50061 99.57038
1305.57214 99.48484
1303.64368 99.39956
1301.71521 99.31813
1299.78674 99.24044
1297.85828 99.15021
1295.92981 99.04307
1294.00134 98.93315
1292.07288 98.82470
1290.14441 98.72321
1288.21594 98.63278
1286.28748 98.56065
1284.35901 98.50475
1282.43054 98.46864
1280.50208 98.45869
1278.57361 98.47921
1276.64514 98.51874
1274.71667 98.57736
1272.78821 98.65861
1270.85974 98.76429
1268.93127 98.89694
1267.00281 99.05413
1265.07434 99.22419
1263.14587 99.40424
1261.21741 99.59373
1259.28894 99.79743
1257.36047 100.01242
1255.43201 100.23025
1253.50354 100.44377
1251.57507 100.65302
1249.64661 100.86156
1247.71814 101.07146
1245.78967 101.27566
1243.86121 101.47413
1241.93274 101.67075
1240.00427 101.86993
1238.07581 102.06992
1236.14734 102.27374
1234.21887 102.48441
1232.29041 102.70647
1230.36194 102.93729
1228.43347 103.17348
1226.50500 103.41582
1224.57654 103.67267
1222.64807 103.94151
1220.71960 104.21703
1218.79114 104.49458
1216.86267 104.76849
1214.93420 105.03651
1213.00574 105.29971
1211.07727 105.55859
1209.14880 105.81073
1207.22034 106.04634
1205.29187 106.26645
1203.36340 106.47871
1201.43494 106.68875
1199.50647 106.89605
1197.57800 107.10205
1195.64954 107.31302
1193.72107 107.53384
1191.79260 107.76720
1189.86414 108.02106
1187.93567 108.29922
1186.00720 108.60206
1184.07874 108.91894
1182.15027 109.24698
1180.22180 109.58801
1178.29333 109.93935
1176.36487 110.29749
1174.43640 110.65645
1172.50793 111.01074
1170.57947 111.35281
1168.65100 111.67393
1166.72253 111.97936
1164.79407 112.27811
1162.86560 112.57451
1160.93713 112.87103
1159.00867 113.17274
1157.08020 113.47983
1155.15173 113.79888
1153.22327 114.14263
1151.29480 114.52267
1149.36633 114.93769
1147.43787 115.38968
1145.50940 115.88274
1143.58093 116.41891
1141.65247 116.99801
1139.72400 117.62544
1137.79553 118.29296
1135.86707 118.98610
1133.93860 119.69129
1132.01013 120.39095
1130.08167 121.07353
1128.15320 121.73573
1126.22473 122.37006
1124.29626 122.96684
1122.36780 123.51050
1120.43933 123.98987
1118.51086 124.39748
1116.58240 124.74773
1114.65393 125.03905
1112.72546 125.27044
1110.79700 125.43761
1108.86853 125.54625
1106.94006 125.60133
1105.01160 125.60175
1103.08313 125.55085
1101.15466 125.45290
1099.22620 125.28814
1097.29773 125.04807
1095.36926 124.73008
1093.44080 124.32870
1091.51233 123.84557
1089.58386 123.28221
1087.65540 122.63326
1085.72693 121.90176
1083.79846 121.09133
1081.87000 120.22703
1079.94153 119.33340
1078.01306 118.43541
1076.08459 117.55514
1074.15613 116.73567
1072.22766 116.00581
1070.29919 115.39244
1068.37073 114.92615
1066.44226 114.62775
1064.51379 114.50078
1062.58533 114.54296
1060.65686 114.74070
1058.72839 115.08477
1056.79993 115.54763
1054.87146 116.08804
1052.94299 116.66325
1051.01453 117.22373
1049.08606 117.71416
1047.15759 118.09180
1045.22913 118.32449
1043.30066 118.39612
1041.37219 118.28607
1039.44373 117.99024
1037.51514 117.52269
1035.58667 116.90051
1033.65820 116.12928
1031.72974 115.22855
1029.80127 114.22217
1027.87280 113.12357
1025.94434 111.94617
1024.01587 110.70975
1022.08746 109.42556
1020.15900 108.10660
1018.23053 106.75348
1016.30206 105.36825
1014.37360 103.94993
1012.44513 102.49335
1010.51666 100.99403
1008.58820 99.46113
1006.65973 97.90840
1004.73126 96.35060
1002.80280 94.79775
1000.87433 93.26736
998.94586 91.77779
997.01740 90.33698
995.08893 88.94769
993.16046 87.61810
991.23199 86.34754
989.30353 85.14349
987.37506 84.01437
985.44659 82.96291
983.51813 81.99226
981.58966 81.10482
979.66119 80.29027
977.73273 79.54595
975.80426 78.86120
973.87579 78.22572
971.94733 77.63494
970.01886 77.08791
968.09039 76.57984
966.16193 76.10432
964.23346 75.65442
962.30499 75.22762
960.37653 74.81813
958.44806 74.41026
956.51959 73.99572
954.59113 73.57251
952.66266 73.13516
950.73419 72.68944
948.80573 72.23836
946.87726 71.78439
944.94879 71.32526
943.02032 70.85891
941.09186 70.38490
939.16339 69.91251
937.23492 69.44093
935.30646 68.96642
933.37799 68.49152
931.44952 68.01816
929.52106 67.54162
927.59259 67.05825
925.66412 66.56890
923.73566 66.07207
921.80719 65.56097
919.87872 65.02658
917.95026 64.46787
916.02179 63.88342
914.09332 63.26835
912.16486 62.62612
910.23639 61.96114
908.30792 61.26998
906.37946 60.54996
904.45099 59.81618
902.52252 59.07321
900.59406 58.32684
898.66559 57.57362
896.73712 56.81062
894.80865 56.04621
892.88019 55.28182
890.95172 54.51474
889.02325 53.75239
887.09479 52.99921
885.16632 52.25416
883.23785 51.51539
881.30939 50.77760
879.38092 50.03872
877.45245 49.29975
875.52399 48.55977
873.59552 47.82023
871.66705 47.08113
869.73859 46.34115
867.81012 45.60727
865.88165 44.88859
863.95319 44.17596
862.02472 43.47194
860.09625 42.77669
858.16779 42.09354
856.23932 41.42462
854.31085 40.76702
852.38239 40.12486
850.45392 39.50579
848.52545 38.90770
846.59698 38.32492
844.66852 37.75213
842.74005 37.18486
840.81158 36.62383
838.88312 36.07063
836.95465 35.52139
835.02618 34.97380
833.09772 34.43197
831.16925 33.90068
829.24078 33.38167
827.31232 32.87733
825.38385 32.38754
823.45538 31.92174
821.52692 31.48374
819.59845 31.07434
817.66998 30.69260
815.74152 30.34498
813.81305 30.03676
811.88458 29.76593
809.95612 29.52396
808.02765 29.30043
806.09918 29.08937
804.17072 28.88684
802.24225 28.68730
800.31378 28.48532
798.38531 28.27183
796.45685 28.04381
794.52838 27.80601
792.59991 27.56106
790.67145 27.30932
788.74298 27.05384
786.81451 26.79390
784.88605 26.53500
782.95758 26.27624
781.02911 26.01985
779.10065 25.76965
777.17218 25.53215
775.24371 25.30958
773.31525 25.09945
771.38678 24.89503
769.45831 24.69234
767.52985 24.49217
765.60138 24.29224
763.67291 24.09086
761.74445 23.89087
759.81598 23.68857
757.88751 23.49088
755.95905 23.30934
754.03058 23.14632
752.10211 22.98910
750.17365 22.82984
748.24518 22.66618
746.31671 22.50061
744.38824 22.32668
742.45978 22.14626
740.53131 21.95657
738.60284 21.76019
736.67438 21.55685
734.74591 21.33977
732.81744 21.10408
730.88898 20.84941
728.96051 20.57761
727.03204 20.28745
725.10358 19.98120
723.17511 19.66549
721.24664 19.34179
719.31818 19.01748
717.38971 18.69354
715.46124 18.36163
713.53278 18.00937
711.60431 17.64234
709.67584 17.26824
707.74738 16.88793
705.81891 16.50560
703.89044 16.13530
701.96198 15.77337
700.03351 15.42217
698.10504 15.07483
696.17657 14.73288
694.24811 14.39593
692.31964 14.06058
690.39117 13.73071
688.46271 13.40684
686.53424 13.09447
684.60577 12.80091
682.67731 12.52651
680.74884 12.27414
678.82037 12.04121
676.89191 11.82572
674.96344 11.62809
673.03497 11.45505
671.10651 11.31352
669.17804 11.20825
667.24957 11.15153
665.32111 11.14479
663.39264 11.16831
661.46417 11.21944
659.53571 11.29260
657.60724 11.39278
655.67877 11.50648
653.75031 11.63557
651.82184 11.78705
649.89337 11.96331
647.96490 12.16947
646.03644 12.40207
644.10797 12.65887
642.17950 12.94291
640.25104 13.24510
638.32257 13.56466
636.39410 13.90506
634.46564 14.27186
632.53717 14.66306
630.60870 15.07802
628.68024 15.51315
626.75177 15.96187
624.82330 16.41317
622.89484 16.86879
620.96637 17.31549
619.03790 17.74694
617.10944 18.15817
615.18097 18.56803
613.25250 18.97183
611.32404 19.36652
609.39557 19.74658
607.46710 20.10830
605.53864 20.45620
603.61017 20.78959
601.68170 21.10057
599.75323 21.39400
597.82477 21.67034
595.89630 21.92965
593.96783 22.15475
592.03937 22.33924
590.11090 22.46943
588.18243 22.54458
586.25397 22.55483
584.32550 22.50056
582.39703 22.36623
580.46857 22.15616
578.54010 21.88786
576.61163 21.57436
574.68317 21.19703
572.75470 20.76947
570.82623 20.29185
568.89777 19.77246
566.96930 19.22860
565.04083 18.65600
563.11237 18.05218
561.18390 17.41938
559.25543 16.75403
557.32697 16.05091
555.39850 15.29313
553.47003 14.47410
551.54156 13.59303
549.61310 12.65503
547.68463 11.66307
545.75616 10.62660
543.82764 9.55471
541.89917 8.46967
539.97070 7.40289
538.04224 6.36749
536.11377 5.38854
534.18530 4.51415
532.25684 3.75747
530.32837 3.14577
528.39990 2.69882
526.47144 2.40179
524.54297 2.25205
522.61450 2.23501
520.68604 2.33911
518.75757 2.54513
516.82910 2.82398
514.90063 3.13266
512.97217 3.43491
511.04373 3.73060
509.11526 3.97067
507.18680 4.10963
505.25833 4.16180
503.32986 4.13946
501.40140 4.07094
499.47293 3.98756
497.54446 3.94960
495.61600 3.99035
493.68753 4.12481
491.75906 4.40890
489.83060 4.88514
487.90213 5.57590
485.97366 6.48765
484.04520 7.63824
482.11673 9.03606
480.18826 10.65599
478.25980 12.46222
476.33133 14.41317
474.40286 16.47665
472.47440 18.62576
470.54593 20.71168
468.61746 22.71041
466.68900 24.64108
464.76053 26.47595
462.83206 28.19055
460.90359 29.78904
458.97513 31.27341
457.04666 32.63398
455.11819 33.80758
453.18973 34.85808
451.26126 35.81161
449.33279 36.68586
447.40433 37.51701
445.47586 38.40178
443.54739 39.29223
441.61893 40.14387
439.69046 41.35634
437.76199 42.19005
435.83353 42.78581
433.90506 43.24910
431.97659 43.63411
430.04813 44.06721
428.11966 44.59504
426.19119 45.23939
424.26273 46.00829
422.33426 46.91258
420.40579 42.26647
418.47733 46.30497
416.54886 49.96124
414.62039 53.29142
412.69193 56.28381
410.76346 58.93983
408.83499 61.26834
406.90652 63.25710
404.97806 64.81152
403.04959 65.93584
401.12112 -431602080.00000
