3999.64038 54.63610
3997.71191 54.25335
3995.78345 53.78166
3993.85498 53.22755
3991.92651 52.60231
3989.99805 51.92158
3988.06958 51.20475
3986.14111 50.47414
3984.21265 49.75399
3982.28418 49.06973
3980.35571 48.44685
3978.42725 47.91016
3976.49878 47.44104
3974.57031 47.03553
3972.64185 46.68470
3970.71338 46.37564
3968.78491 46.09277
3966.85645 45.81905
3964.92798 45.53727
3962.99951 45.23145
3961.07104 44.88774
3959.14258 44.49553
3957.21411 44.04959
3955.28564 43.54746
3953.35718 42.99112
3951.42871 42.38713
3949.50024 41.74629
3947.57178 41.08273
3945.64331 40.41277
3943.71484 39.75423
3941.78638 39.12541
3939.85791 38.54476
3937.92944 38.03123
3936.00098 37.60405
3934.07251 37.28180
3932.14404 37.08188
3930.21558 37.01884
3928.28711 37.10191
3926.35864 37.33308
3924.43018 37.70569
3922.50171 38.20403
3920.57324 38.80478
3918.64478 39.47961
3916.71631 40.19752
3914.78784 40.92747
3912.85938 41.64051
3910.93091 42.31092
3909.00244 42.91714
3907.07397 43.44302
3905.14551 43.88028
3903.21704 44.23037
3901.28857 44.50570
3899.36011 44.72888
3897.43164 44.92941
3895.50317 45.13940
3893.57471 45.38830
3891.64624 45.69584
3889.71777 46.06687
3887.78931 46.48877
3885.86084 46.93114
3883.93237 47.34792
3882.00391 47.68097
3880.07544 47.86436
3878.14697 47.82920
3876.21851 47.50878
3874.29004 46.84254
3872.36157 45.78109
3870.43311 44.29229
3868.50464 42.36799
3866.57617 40.03092
3864.64771 37.33728
3862.71924 34.37459
3860.79077 31.25495
3858.86230 28.10615
3856.93384 25.06180
3855.00537 22.25045
3853.07690 19.78552
3851.14844 17.75923
3849.21997 16.23836
3847.29150 15.26136
3845.36304 14.83702
3843.43457 14.94433
3841.50610 15.53434
3839.57764 16.53314
3837.64917 17.84572
3835.72070 19.36199
3833.79224 20.96629
3831.86377 22.54688
3829.93530 24.00497
3828.00684 25.26194
3826.07837 26.26134
3824.14990 26.96747
3822.22144 27.36228
3820.29297 27.44261
3818.36450 27.21699
3816.43604 26.70243
3814.50757 25.92339
3812.57910 24.91206
3810.65063 23.70703
3808.72217 22.35117
3806.79370 20.88978
3804.86523 19.36895
3802.93677 17.83346
3801.00830 16.32336
3799.07983 14.87237
3797.15137 13.50908
3795.22290 12.25735
3793.29443 11.13542
3791.36597 10.15702
3789.43750 9.33283
3787.50903 8.67053
3785.58057 8.17330
3783.65210 7.83871
3781.72363 7.66073
3779.79517 7.63361
3777.86670 7.75735
3775.93823 8.04432
3774.00977 8.52354
3772.08130 9.24137
3770.15283 10.26039
3768.22437 11.65698
3766.29590 13.51617
3764.36743 15.92242
3762.43896 18.94930
3760.51050 22.65201
3758.58203 27.05924
3756.65356 32.16388
3754.72510 37.91881
3752.79663 44.23708
3750.86816 50.99273
3748.93970 58.02129
3747.01123 65.12053
3745.08276 72.05817
3743.15430 78.58792
3741.22583 84.46690
3739.29736 89.47272
3737.36890 93.41900
3735.44043 96.16708
3733.51196 97.63427
3731.58350 97.79959
3729.65503 96.70554
3727.72656 94.45366
3725.79810 91.19475
3723.86963 87.11797
3721.94116 82.43929
3720.01270 77.38657
3718.08423 72.18642
3716.15576 67.05418
3714.22729 62.18266
3712.29883 57.73025
3710.37036 53.81100
3708.44189 50.48965
3706.51343 47.78600
3704.58496 45.68303
3702.65649 44.13245
3700.72803 43.06158
3698.79956 42.38198
3696.87109 41.99826
3694.94263 41.81659
3693.01416 41.75238
3691.08569 41.73542
3689.15723 41.71103
3687.22876 41.64037
3685.30029 41.50088
3683.37183 41.28578
3681.44336 41.00249
3679.51489 40.67167
3677.58643 40.32448
3675.65796 39.99740
3673.72949 39.72757
3671.80103 39.54910
3669.87256 39.49136
3667.94409 39.57906
3666.01563 39.83049
3664.08716 40.25461
3662.15869 40.85148
3660.23022 41.61391
3658.30176 42.52839
3656.37329 43.57582
3654.44482 44.73200
3652.51636 45.96737
3650.58789 47.24689
3648.65942 48.53196
3646.73096 49.78286
3644.80249 50.96160
3642.87402 52.03486
3640.94556 52.97658
3639.01709 53.76900
3637.08862 54.40312
3635.16016 54.87896
3633.23169 55.20528
3631.30322 55.39907
3629.37476 55.48467
3627.44629 55.49166
3625.51782 55.45279
3623.58936 55.40277
3621.66089 55.37577
3619.73242 55.40226
3617.80396 55.50632
3615.87549 55.70359
3613.94702 55.99983
3612.01855 56.39082
3610.09009 56.86367
3608.16162 57.39857
3606.23315 57.97102
3604.30469 58.55455
3602.37622 59.12298
3600.44775 59.65219
3598.51929 60.12180
3596.59082 60.51670
3594.66235 60.82811
3592.73389 61.05406
3590.80542 61.19925
3588.87695 61.27390
3586.94849 61.29245
3585.02002 61.27197
3583.09155 61.23003
3581.16309 61.18301
3579.23462 61.14508
3577.30615 61.12738
3575.37769 61.13757
3573.44922 61.17984
3571.52075 61.25544
3569.59229 61.36331
3567.66382 61.50086
3565.73535 61.66485
3563.80688 61.85178
3561.87842 62.05827
3559.94995 62.28153
3558.02148 62.51954
3556.09302 62.77089
3554.16455 63.03449
3552.23608 63.30908
3550.30762 63.59274
3548.37915 63.88269
3546.45068 64.17513
3544.52222 64.46532
3542.59375 64.74828
3540.66528 65.01941
3538.73682 65.27494
3536.80835 65.51234
3534.87988 65.73087
3532.95142 65.93208
3531.02295 66.11989
3529.09448 66.30038
3527.16602 66.48133
3525.23755 66.67134
3523.30908 66.87914
3521.38062 67.11281
3519.45215 67.37899
3517.52368 67.68214
3515.59521 68.02397
3513.66675 68.40295
3511.73828 68.81424
3509.80981 69.24975
3507.88135 69.69864
3505.95288 70.14827
3504.02441 70.58530
3502.09595 70.99664
3500.16748 71.37035
3498.23901 71.69665
3496.31055 71.96853
3494.38208 72.18217
3492.45361 72.33682
3490.52515 72.43439
3488.59668 72.47900
3486.66821 72.47645
3484.73975 72.43398
3482.81128 72.35985
3480.88281 72.26277
3478.95435 72.15142
3477.02588 72.03366
3475.09741 71.91606
3473.16895 71.80370
3471.24048 71.70018
3469.31201 71.60792
3467.38354 71.52872
3465.45508 71.46407
3463.52661 71.41540
3461.59814 71.38447
3459.66968 71.37331
3457.74121 71.38416
3455.81274 71.41911
3453.88428 71.47958
3451.95581 71.56585
3450.02734 71.67697
3448.09888 71.81065
3446.17041 71.96336
3444.24194 72.13025
3442.31348 72.30501
3440.38501 72.47972
3438.45654 72.64488
3436.52808 72.78992
3434.59961 72.90398
3432.67114 72.97679
3430.74268 72.99950
3428.81421 72.96541
3426.88574 72.87041
3424.95728 72.71355
3423.02881 72.49722
3421.10034 72.22709
3419.17188 71.91194
3417.24341 71.56301
3415.31494 71.19316
3413.38647 70.81626
3411.45801 70.44656
3409.52954 70.09801
3407.60107 69.78362
3405.67261 69.51442
3403.74414 69.29873
3401.81567 69.14153
3399.88721 69.04439
3397.95874 69.00571
3396.03027 69.02129
3394.10181 69.08474
3392.17334 69.18812
3390.24487 69.32265
3388.31641 69.47946
3386.38794 69.65050
3384.45947 69.82918
3382.53101 70.01082
3380.60254 70.19300
3378.67407 70.37534
3376.74561 70.55926
3374.81714 70.74780
3372.88867 70.94532
3370.96021 71.15688
3369.03174 71.38732
3367.10327 71.64026
3365.17480 71.91718
3363.24634 72.21691
3361.31787 72.53551
3359.38940 72.86644
3357.46094 73.20095
3355.53247 73.52854
3353.60400 73.83780
3351.67554 74.11736
3349.74707 74.35690
3347.81860 74.54834
3345.89014 74.68665
3343.96167 74.77046
3342.03320 74.80239
3340.10474 74.78880
3338.17627 74.73965
3336.24780 74.66806
3334.31934 74.58939
3332.39087 74.51987
3330.46240 74.47496
3328.53394 74.46785
3326.60547 74.50830
3324.67700 74.60193
3322.74854 74.75005
3320.82007 74.94958
3318.89160 75.19325
3316.96313 75.47005
3315.03467 75.76611
3313.10620 76.06570
3311.17773 76.35264
3309.24927 76.61165
3307.32080 76.82954
3305.39233 76.99617
3303.46387 77.10516
3301.53540 77.15440
3299.60693 77.14631
3297.67847 77.08758
3295.75000 76.98843
3293.82153 76.86153
3291.89307 76.72089
3289.96460 76.58094
3288.03613 76.45567
3286.10767 76.35808
3284.17920 76.29955
3282.25073 76.28888
3280.32227 76.33176
3278.39380 76.43045
3276.46533 76.58384
3274.53687 76.78780
3272.60840 77.03581
3270.67993 77.31963
3268.75146 77.62991
3266.82300 77.95696
3264.89453 78.29151
3262.96606 78.62545
3261.03760 78.95221
3259.10913 79.26699
3257.18066 79.56672
3255.25220 79.85002
3253.32373 80.11712
3251.39526 80.36959
3249.46680 80.61010
3247.53833 80.84202
3245.60986 81.06860
3243.68140 81.29210
3241.75293 81.51331
3239.82446 81.73129
3237.89600 81.94322
3235.96753 82.14459
3234.03906 82.32939
3232.11060 82.49050
3230.18213 82.62037
3228.25366 82.71188
3226.32520 82.75921
3224.39673 82.75853
3222.46826 82.70856
3220.53979 82.61089
3218.61133 82.47028
3216.68286 82.29462
3214.75439 82.09468
3212.82593 81.88356
3210.89746 81.67603
3208.96899 81.48745
3207.04053 81.33238
3205.11206 81.22344
3203.18359 81.17041
3201.25513 81.17951
3199.32666 81.25283
3197.39819 81.38808
3195.46973 81.57869
3193.54126 81.81441
3191.61279 82.08235
3189.68433 82.36819
3187.75586 82.65733
3185.82739 82.93584
3183.89893 83.19144
3181.97046 83.41443
3180.04199 83.59829
3178.11353 83.74001
3176.18506 83.83997
3174.25659 83.90170
3172.32813 83.93129
3170.39966 83.93649
3168.47119 83.92581
3166.54272 83.90784
3164.61426 83.89062
3162.68579 83.88100
3160.75732 83.88419
3158.82886 83.90372
3156.90039 83.94164
3154.97192 83.99913
3153.04346 84.07717
3151.11499 84.17706
3149.18652 84.30077
3147.25806 84.45110
3145.32959 84.63202
3143.40112 84.84864
3141.47266 85.10693
3139.54419 85.41319
3137.61572 85.77339
3135.68726 86.19275
3133.75879 86.67496
3131.83032 87.22173
3129.90186 87.83245
3127.97339 88.50398
3126.04492 89.23044
3124.11646 90.00317
3122.18799 90.81113
3120.25952 91.64158
3118.33105 92.48095
3116.40259 93.31583
3114.47412 94.13385
3112.54565 94.92439
3110.61719 95.67910
3108.68872 96.39242
3106.76025 97.06187
3104.83179 97.68813
3102.90332 98.27463
3100.97485 98.82732
3099.04639 99.35428
3097.11792 99.86523
3095.18945 100.37083
3093.26099 100.88197
3091.33252 101.40911
3089.40405 101.96136
3087.47559 102.54559
3085.54712 103.16593
3083.61865 103.82355
3081.69019 104.51662
3079.76172 105.24055
3077.83325 105.98825
3075.90479 106.75062
3073.97632 107.51694
3072.04785 108.27567
3070.11938 109.01518
3068.19092 109.72462
3066.26245 110.39447
3064.33398 111.01731
3062.40552 111.58842
3060.47705 112.10612
3058.54858 112.57185
3056.62012 112.98997
3054.69165 113.36745
3052.76318 113.71311
3050.83472 114.03669
3048.90625 114.34783
3046.97778 114.65538
3045.04932 114.96677
3043.12085 115.28750
3041.19238 115.62074
3039.26392 115.96729
3037.33545 116.32557
3035.40698 116.69209
3033.47852 117.06210
3031.55005 117.43029
3029.62158 117.79154
3027.69312 118.14177
3025.76465 118.47861
3023.83618 118.80190
3021.90771 119.11392
3019.97925 119.41937
3018.05078 119.72491
3016.12231 120.03852
3014.19385 120.36864
3012.26538 120.72311
3010.33691 121.10834
3008.40845 121.52859
3006.47998 121.98538
3004.55151 122.47710
3002.62305 122.99889
3000.69458 123.54282
2998.76611 124.09827
2996.83765 124.65273
2994.90918 125.19246
2992.98071 125.70361
2991.05225 126.17322
2989.12378 126.59035
2987.19531 126.94706
2985.26685 127.23907
2983.33838 127.46633
2981.40991 127.63302
2979.48145 127.74744
2977.55298 127.82180
2975.62451 127.87164
2973.69604 127.91520
2971.76758 127.97244
2969.83911 128.06410
2967.91064 128.21051
2965.98218 128.43037
2964.05371 128.73978
2962.12524 129.15103
2960.19678 129.67165
2958.26831 130.30368
2956.33984 131.04332
2954.41138 131.88100
2952.48291 132.80191
2950.55444 133.78691
2948.62598 134.81361
2946.69751 135.85767
2944.76904 136.89436
2942.84058 137.90041
2940.91211 138.85576
2938.98364 139.74551
2937.05518 140.56134
2935.12671 141.30240
2933.19824 141.97577
2931.26978 142.59630
2929.34131 143.18578
2927.41284 143.77173
2925.48438 144.38550
2923.55591 145.05983
2921.62744 145.82637
2919.69897 146.71321
2917.77051 147.74263
2915.84204 148.92937
2913.91357 150.27933
2911.98511 151.78868
2910.05664 153.44359
2908.12817 155.22076
2906.19971 157.08875
2904.27124 159.00977
2902.34277 160.94206
2900.41431 162.84230
2898.48584 164.66812
2896.55737 166.38017
2894.62891 167.94391
2892.70044 169.33105
2890.77197 170.52045
2888.84351 171.49837
2886.91504 172.25829
2884.98657 172.80006
2883.05811 173.12914
2881.12964 173.25563
2879.20117 173.19322
2877.27271 172.95825
2875.34424 172.56900
2873.41577 172.04489
2871.48730 171.40636
2869.55884 170.67508
2867.63037 169.87447
2865.70190 169.03017
2863.77344 168.17064
2861.84497 167.32759
2859.91650 166.53586
2857.98804 165.83278
2856.05957 165.25740
2854.13110 164.84921
2852.20264 164.64656
2850.27417 164.68480
2848.34570 164.99426
2846.41724 165.59837
2844.48877 166.51190
2842.56030 167.73972
2840.63184 169.27573
2838.70337 171.10283
2836.77490 173.19316
2834.84644 175.50938
2832.91797 178.00644
2830.98950 180.63408
2829.06104 183.33948
2827.13257 186.06996
2825.20410 188.77567
2823.27563 191.41170
2821.34717 193.93983
2819.41870 196.32974
2817.49023 198.55975
2815.56177 200.61700
2813.63330 202.49710
2811.70483 204.20305
2809.77637 205.74402
2807.84790 207.13367
2805.91943 208.38863
2803.99097 209.52686
2802.06250 210.56642
2800.13403 211.52443
2798.20557 212.41632
2796.27710 213.25546
2794.34863 214.05324
2792.42017 214.81911
2790.49170 215.56085
2788.56323 216.28482
2786.63477 216.99599
2784.70630 217.69806
2782.77783 218.39354
2780.84937 219.08379
2778.92090 219.76886
2776.99243 220.44748
2775.06396 221.11679
2773.13550 221.77214
2771.20703 222.40717
2769.27856 223.01396
2767.35010 223.58356
2765.42163 224.10632
2763.49316 224.57262
2761.56470 224.97354
2759.63623 225.30167
2757.70776 225.55185
2755.77930 225.72186
2753.85083 225.81277
2751.92236 225.82898
2749.99390 225.77803
2748.06543 225.67010
2746.13696 225.51753
2744.20850 225.33412
2742.28003 225.13437
2740.35156 224.93257
2738.42310 224.74205
2736.49463 224.57440
2734.56616 224.43903
2732.63770 224.34300
2730.70923 224.29111
2728.78076 224.28578
2726.85229 224.32744
2724.92383 224.41476
2722.99536 224.54530
2721.06689 224.71587
2719.13843 224.92314
2717.20996 225.16389
2715.28149 225.43503
2713.35303 225.73360
2711.42456 226.05661
2709.49609 226.40105
2707.56763 226.76375
2705.63916 227.14131
2703.71069 227.52998
2701.78223 227.92540
2699.85376 228.32259
2697.92529 228.71609
2695.99683 229.10022
2694.06836 229.46941
2692.13989 229.81842
2690.21143 230.14268
2688.28296 230.43858
2686.35449 230.70374
2684.42603 230.93727
2682.49756 231.13982
2680.56909 231.31349
2678.64063 231.46162
2676.71216 231.58838
2674.78369 231.69844
2672.85522 231.79657
2670.92676 231.88744
2668.99829 231.97525
2667.06982 232.06348
2665.14136 232.15448
2663.21289 232.24931
2661.28442 232.34779
2659.35596 232.44850
2657.42749 232.54906
2655.49902 232.64635
2653.57056 232.73682
2651.64209 232.81686
2649.71362 232.88321
2647.78516 232.93317
2645.85669 232.96484
2643.92822 232.97722
2641.99976 232.97023
2640.07129 232.94455
2638.14282 232.90141
2636.21436 232.84238
2634.28589 232.76921
2632.35742 232.68356
2630.42896 232.58676
2628.50049 232.47948
2626.57202 232.36143
2624.64355 232.23138
2622.71509 232.08710
2620.78662 231.92529
2618.85815 231.74200
2616.92969 231.53291
2615.00122 231.29378
2613.07275 231.02095
2611.14429 230.71165
2609.21582 230.36440
2607.28735 229.97913
2605.35889 229.55743
2603.43042 229.10251
2601.50195 228.61914
2599.57349 228.11336
2597.64502 227.59230
2595.71655 227.06372
2593.78809 226.53558
2591.85962 226.01553
2589.93115 225.51030
2588.00269 225.02533
2586.07422 224.56432
2584.14575 224.12889
2582.21729 223.71858
2580.28882 223.33095
2578.36035 222.96196
2576.43188 222.60632
2574.50342 222.25800
2572.57495 221.91060
2570.64648 221.55803
2568.71802 221.19495
2566.78955 220.81737
2564.86108 220.42290
2562.93262 220.01106
2561.00415 219.58337
2559.07568 219.14323
2557.14722 218.69569
2555.21875 218.24713
2553.29028 217.80481
2551.36182 217.37625
2549.43335 216.96858
2547.50488 216.58803
2545.57642 216.23938
2543.64795 215.92577
2541.71948 215.64847
2539.79102 215.40692
2537.86255 215.19876
2535.93408 215.02002
2534.00562 214.86543
2532.07715 214.72893
2530.14868 214.60402
2528.22021 214.48418
2526.29175 214.36327
2524.36328 214.23592
2522.43481 214.09775
2520.50635 213.94556
2518.57788 213.77748
2516.64941 213.59296
2514.72095 213.39252
2512.79248 213.17769
2510.86401 212.95073
2508.93555 212.71442
2507.00708 212.47186
2505.07861 212.22632
2503.15015 211.98102
2501.22168 211.73891
2499.29321 211.50256
2497.36475 211.27402
2495.43628 211.05472
2493.50781 210.84540
2491.57935 210.64601
2489.65088 210.45572
2487.72241 210.27303
2485.79395 210.09587
2483.86548 209.92172
2481.93701 209.74771
2480.00854 209.57068
2478.08008 209.38745
2476.15161 209.19499
2474.22314 208.99057
2472.29468 208.77200
2470.36621 208.53767
2468.43774 208.28667
2466.50928 208.01886
2464.58081 207.73473
2462.65234 207.43532
2460.72388 207.12216
2458.79541 206.79697
2456.86694 206.46149
2454.93848 206.11719
2453.01001 205.76514
2451.08154 205.40587
2449.15308 205.03937
2447.22461 204.66502
2445.29614 204.28156
2443.36768 203.88721
2441.43921 203.48007
2439.51074 203.05838
2437.58228 202.62082
2435.65381 202.16675
2433.72534 201.69644
2431.79688 201.21132
2429.86841 200.71402
2427.93994 200.20845
2426.01147 199.69955
2424.08301 199.19307
2422.15454 198.69505
2420.22607 198.21138
2418.29761 197.74710
2416.36914 197.30588
2414.44067 196.88954
2412.51221 196.49776
2410.58374 196.12775
2408.65527 195.77419
2406.72681 195.42952
2404.79834 195.08449
2402.86987 194.72888
2400.94141 194.35211
2399.01294 193.94411
2397.08447 193.49625
2395.15601 193.00240
2393.22754 192.45988
2391.29907 191.87013
2389.37061 191.23882
2387.44214 190.57581
2385.51367 189.89465
2383.58521 189.21170
2381.65674 188.54501
2379.72827 187.91315
2377.79980 187.33383
2375.87134 186.82269
2373.94287 186.39195
2372.01440 186.04951
2370.08594 185.79822
2368.15747 185.63562
2366.22900 185.55405
2364.30054 185.54088
2362.37207 185.57924
2360.44360 185.64931
2358.51514 185.73001
2356.58667 185.80061
2354.65820 185.84210
2352.72974 185.83832
2350.80127 185.77663
2348.87280 185.64839
2346.94434 185.44919
2345.01587 185.17867
2343.08740 184.84018
2341.15894 184.44023
2339.23047 183.98769
2337.30200 183.49281
2335.37354 182.96629
2333.44507 182.41838
2331.51660 181.85812
2329.58813 181.29274
2327.65967 180.72728
2325.73120 180.16434
2323.80273 179.60448
2321.87427 179.04684
2319.94580 178.48965
2318.01733 177.93056
2316.08887 177.36693
2314.16040 176.79604
2312.23193 176.21533
2310.30347 175.62262
2308.37500 175.01627
2306.44653 174.39525
2304.51807 173.75923
2302.58960 173.10858
2300.66113 172.44421
2298.73267 171.76740
2296.80420 171.07964
2294.87573 170.38258
2292.94727 169.67789
2291.01880 168.96719
2289.09033 168.25214
2287.16187 167.53436
2285.23340 166.81577
2283.30493 166.09854
2281.37646 165.38501
2279.44800 164.67754
2277.51953 163.97845
2275.59106 163.28981
2273.66260 162.61339
2271.73413 161.95052
2269.80566 161.30200
2267.87720 160.66811
2265.94873 160.04855
2264.02026 159.44255
2262.09180 158.84872
2260.16333 158.26534
2258.23486 157.69037
2256.30640 157.12172
2254.37793 156.55736
2252.44946 155.99547
2250.52100 155.43463
2248.59253 154.87396
2246.66406 154.31320
2244.73560 153.75267
2242.80713 153.19330
2240.87866 152.63649
2238.95020 152.08395
2237.02173 151.53741
2235.09326 150.99844
2233.16479 150.46826
2231.23633 149.94762
2229.30786 149.43677
2227.37939 148.93532
2225.45093 148.44235
2223.52246 147.95647
2221.59399 147.47600
2219.66553 146.99910
2217.73706 146.52396
2215.80859 146.04884
2213.88013 145.57239
2211.95166 145.09361
2210.02319 144.61208
2208.09473 144.12790
2206.16626 143.64177
2204.23779 143.15485
2202.30933 142.66861
2200.38086 142.18465
2198.45239 141.70447
2196.52393 141.22946
2194.59546 140.76074
2192.66699 140.29907
2190.73853 139.84489
2188.81006 139.39830
2186.88159 138.95911
2184.95313 138.52695
2183.02466 138.10135
2181.09619 137.68178
2179.16772 137.26765
2177.23926 136.85843
2175.31079 136.45361
2173.38232 136.05289
2171.45386 135.65599
2169.52539 135.26279
2167.59692 134.87318
2165.66846 134.48708
2163.73999 134.10428
2161.81152 133.72446
2159.88306 133.34714
2157.95459 132.97176
2156.02612 132.59764
2154.09766 132.22409
2152.16919 131.85042
2150.24072 131.47609
2148.31226 131.10081
2146.38379 130.72456
2144.45532 130.34764
2142.52686 129.97067
2140.59839 129.59459
2138.66992 129.22061
2136.74146 128.85027
2134.81299 128.48523
2132.88452 128.12737
2130.95605 127.77850
2129.02759 127.44040
2127.09912 127.11465
2125.17065 126.80257
2123.24219 126.50505
2121.31372 126.22263
2119.38525 125.95538
2117.45679 125.70292
2115.52832 125.46445
2113.59985 125.23884
2111.67139 125.02470
2109.74292 124.82053
2107.81445 124.62484
2105.88599 124.43607
2103.95752 124.25280
2102.02905 124.07384
2100.10059 123.89840
2098.17212 123.72608
2096.24365 123.55698
2094.31519 123.39165
2092.38672 123.23112
2090.45825 123.07670
2088.52979 122.92873
2086.60132 122.78987
2084.67285 122.66245
2082.74438 122.54838
2080.81592 122.44902
2078.88745 122.36517
2076.95898 122.29710
2075.03052 122.24451
2073.10205 122.20671
2071.17358 122.18268
2069.24512 122.19331
2067.31665 122.20963
2065.38818 122.23176
2063.45972 122.26041
2061.53125 122.29726
2059.60278 122.34525
2057.67432 122.40888
2055.74585 122.49443
2053.81738 122.60991
2051.88892 122.76508
2049.96045 122.87454
2048.03198 122.98858
2046.10339 123.10601
2044.17493 123.22579
2042.24646 123.34715
2040.31799 123.46974
2038.38953 123.59386
2036.46106 123.72065
2034.53259 123.85250
2032.60413 123.99339
2030.67566 124.14939
2028.74719 124.32017
2026.81873 124.50832
2024.89026 124.71629
2022.96179 124.94617
2021.03333 125.19962
2019.10486 125.47762
2017.17639 125.78049
2015.24792 126.10776
2013.31946 126.45822
2011.39099 126.83014
2009.46252 127.22153
2007.53406 127.62984
2005.60559 128.05222
2003.67712 128.48575
2001.74866 128.92751
1999.82019 129.37466
1997.89172 129.82465
1995.96326 130.27519
1994.03479 130.72452
1992.10632 131.17125
1990.17786 131.61452
1988.24939 132.05380
1986.32092 132.48900
1984.39246 132.92026
1982.46399 133.34790
1980.53552 133.77234
1978.60706 134.19397
1976.67859 134.61310
1974.75012 135.02985
1972.82166 135.44424
1970.89319 135.85622
1968.96472 136.26563
1967.03625 136.67232
1965.10779 137.07607
1963.17932 137.47664
1961.25085 137.87378
1959.32239 138.26733
1957.39392 138.65720
1955.46545 139.04340
1953.53699 139.42595
1951.60852 139.80482
1949.68005 140.17993
1947.75159 140.55109
1945.82312 140.91797
1943.89465 141.28012
1941.96619 141.63701
1940.03772 141.98793
1938.10925 142.33224
1936.18079 142.66934
1934.25232 142.99883
1932.32385 143.32053
1930.39539 143.63452
1928.46692 143.94109
1926.53845 144.24063
1924.60999 144.53375
1922.68152 144.82112
1920.75305 145.10356
1918.82458 145.38188
1916.89612 145.65678
1914.96765 145.92873
1913.03918 146.19781
1911.11072 146.46388
1909.18225 146.72636
1907.25378 146.98428
1905.32532 147.23642
1903.39685 147.48126
1901.46838 147.71719
1899.53992 147.94260
1897.61145 148.15593
1895.68298 148.35587
1893.75452 148.54128
1891.82605 148.71117
1889.89758 148.86469
1887.96912 149.00113
1886.04065 149.12000
1884.11218 149.22096
1882.18372 149.30396
1880.25525 149.36903
1878.32678 149.41624
1876.39832 149.44568
1874.46985 149.45735
1872.54138 149.45128
1870.61292 149.42743
1868.68445 149.38576
1866.75598 149.32629
1864.82751 149.24921
1862.89905 149.15485
1860.97058 149.04388
1859.04211 148.91725
1857.11365 148.77615
1855.18518 148.62190
1853.25671 148.45581
1851.32825 148.27924
1849.39978 148.09341
1847.47131 147.89944
1845.54285 147.69827
1843.61438 147.49052
1841.68591 147.27632
1839.75745 147.05508
1837.82898 146.82558
1835.90051 146.58577
1833.97205 146.33290
1832.04358 146.06354
1830.11511 145.77371
1828.18665 145.45914
1826.25818 145.11542
1824.32971 144.73837
1822.40125 144.32430
1820.47278 143.87015
1818.54431 143.37369
1816.61584 142.83363
1814.68738 142.24980
1812.75891 141.62323
1810.83044 140.95621
1808.90198 140.25221
1806.97351 139.51587
1805.04504 138.75262
1803.11658 137.96838
1801.18811 137.16933
1799.25964 136.36151
1797.33118 135.55055
1795.40271 134.74136
1793.47424 133.93787
1791.54578 133.14273
1789.61731 132.35728
1787.68884 131.58142
1785.76038 130.81369
1783.83191 130.05132
1781.90344 129.29034
1779.97498 128.52571
1778.04651 127.75157
1776.11804 126.96151
1774.18958 126.14886
1772.26111 125.30696
1770.33264 124.42953
1768.40417 123.51099
1766.47571 122.54668
1764.54724 121.53310
1762.61877 120.46812
1760.69031 119.35098
1758.76184 118.18221
1756.83337 116.96348
1754.90491 115.69744
1752.97644 114.38747
1751.04797 113.03744
1749.11951 111.65158
1747.19104 110.23434
1745.26257 108.78999
1743.33411 107.32233
1741.40564 105.83437
1739.47717 104.32802
1737.54871 102.80386
1735.62024 101.26114
1733.69177 99.69797
1731.76331 98.11163
1729.83484 96.49892
1727.90637 94.85643
1725.97791 93.18081
1724.04944 91.46898
1722.12097 89.71827
1720.19250 87.92675
1718.26404 86.09350
1716.33557 84.21875
1714.40710 82.30419
1712.47864 80.35325
1710.55017 78.37124
1708.62170 76.36530
1706.69324 74.34389
1704.76477 72.31651
1702.83630 70.29340
1700.90784 68.28512
1698.97937 66.30235
1697.05090 64.35596
1695.12244 62.45697
1693.19397 60.61626
1691.26550 58.84413
1689.33704 57.14978
1687.40857 55.54096
1685.48010 54.02368
1683.55164 52.60215
1681.62317 51.27887
1679.69470 50.05453
1677.76624 48.92804
1675.83777 47.89687
1673.90930 46.95725
1671.98083 46.10430
1670.05237 45.33191
1668.12390 44.63293
1666.19543 43.99991
1664.26697 43.42550
1662.33850 42.90283
1660.41003 42.42620
1658.48157 41.99160
1656.55310 41.59654
1654.62463 41.23991
1652.69617 40.92159
1650.76770 40.64238
1648.83923 40.40402
1646.91077 40.20912
1644.98230 40.06096
1643.05383 39.96324
1641.12537 39.91975
1639.19690 39.93412
1637.26843 40.00983
1635.33997 40.14993
1633.41150 40.35682
1631.48303 40.63224
1629.55457 40.97769
1627.62610 41.39484
1625.69763 41.88549
1623.76917 42.45153
1621.84070 43.09517
1619.91223 43.81863
1617.98376 44.62370
1616.05530 45.51151
1614.12683 46.48231
1612.19836 47.53548
1610.26990 48.66953
1608.34143 49.88180
1606.41296 51.16830
1604.48450 52.52354
1602.55603 53.94051
1600.62756 55.41071
1598.69910 56.92432
1596.77063 58.47026
1594.84216 60.03645
1592.91370 61.61034
1590.98523 63.17952
1589.05676 64.73206
1587.12830 66.25671
1585.19983 67.74319
1583.27136 69.18255
1581.34290 70.56710
1579.41443 71.89056
1577.48596 73.14817
1575.55750 74.33662
1573.62903 75.45423
1571.70056 76.50086
1569.77209 77.47771
1567.84363 78.38716
1565.91516 79.23240
1563.98669 80.01722
1562.05823 80.74560
1560.12976 81.42143
1558.20129 82.04834
1556.27283 82.62962
1554.34436 83.16832
1552.41589 83.66731
1550.48743 84.12919
1548.55896 84.55611
1546.63049 84.94998
1544.70203 85.31238
1542.77356 85.64458
1540.84509 85.94761
1538.91663 86.22240
1536.98816 86.46986
1535.05969 86.69122
1533.13123 86.88802
1531.20276 87.06203
1529.27429 87.21519
1527.34583 87.34933
1525.41736 87.46613
1523.48889 87.56699
1521.56042 87.65308
1519.63196 87.72549
1517.70349 87.78526
1515.77502 87.83333
1513.84656 87.87054
1511.91809 87.89736
1509.98962 87.91388
1508.06116 87.91985
1506.13269 87.91466
1504.20422 87.89736
1502.27576 87.86683
1500.34729 87.82185
1498.41882 87.76121
1496.49036 87.68378
1494.56189 87.58849
1492.63342 87.47421
1490.70496 87.33986
1488.77649 87.18445
1486.84802 87.00735
1484.91956 86.80855
1482.99109 86.58893
1481.06262 86.35034
1479.13416 86.09561
1477.20569 85.82845
1475.27722 85.55341
1473.34875 85.27567
1471.42029 85.00108
1469.49182 84.73604
1467.56335 84.48715
1465.63489 84.26103
1463.70642 84.06382
1461.77795 83.90075
1459.84949 83.77573
1457.92102 83.69090
1455.99255 83.64641
1454.06409 83.64017
1452.13562 83.66800
1450.20715 83.72385
1448.27869 83.80022
1446.35022 83.88853
1444.42175 83.97958
1442.49329 84.06399
1440.56482 84.13269
1438.63635 84.17751
1436.70789 84.19161
1434.77942 84.16996
1432.85095 84.10976
1430.92249 84.01057
1428.99402 83.87415
1427.06555 83.70418
1425.13708 83.50594
1423.20862 83.28583
1421.28015 83.05085
1419.35168 82.80821
1417.42322 82.56492
1415.49475 82.32737
1413.56628 82.10123
1411.63782 81.89123
1409.70935 81.70114
1407.78088 81.53365
1405.85242 81.39047
1403.92395 81.27237
1401.99548 81.17937
1400.06702 81.11099
1398.13855 81.06637
1396.21008 81.04453
1394.28162 81.04448
1392.35315 81.06519
1390.42468 81.10554
1388.49622 81.16423
1386.56775 81.23985
1384.63928 81.33074
1382.71082 81.43501
1380.78235 81.55049
1378.85388 81.67477
1376.92542 81.80518
1374.99695 81.93899
1373.06848 82.07337
1371.14001 82.20558
1369.21155 82.33297
1367.28308 82.45311
1365.35461 82.56387
1363.42615 82.66352
1361.49768 82.75079
1359.56921 82.82499
1357.64075 82.88592
1355.71228 82.93388
1353.78381 82.96962
1351.85535 82.99422
1349.92688 83.00911
1347.99841 83.01593
1346.06995 83.01644
1344.14148 83.01238
1342.21301 83.00544
1340.28455 82.99710
1338.35608 82.98867
1336.42761 82.98122
1334.49915 82.97556
1332.57068 82.97216
1330.64221 82.97124
1328.71375 82.97272
1326.78528 82.97631
1324.85681 82.98152
1322.92834 82.98779
1320.99988 82.99451
1319.07141 83.00105
1317.14294 83.00684
1315.21448 83.01141
1313.28601 83.01443
1311.35754 83.01575
1309.42908 83.01533
1307.50061 83.01329
1305.57214 83.00990
1303.64368 83.00557
1301.71521 83.00085
1299.78674 82.99649
1297.85828 82.99330
1295.92981 82.99222
1294.00134 82.99427
1292.07288 83.00050
1290.14441 83.01203
1288.21594 83.02994
1286.28748 83.05532
1284.35901 83.08920
1282.43054 83.13248
1280.50208 83.18589
1278.57361 83.24993
1276.64514 83.32487
1274.71667 83.41069
1272.78821 83.50706
1270.85974 83.61337
1268.93127 83.72873
1267.00281 83.85208
1265.07434 83.98222
1263.14587 84.11790
1261.21741 84.25793
1259.28894 84.40115
1257.36047 84.54662
1255.43201 84.69365
1253.50354 84.84182
1251.57507 84.99104
1249.64661 85.14152
1247.71814 85.29379
1245.78967 85.44862
1243.86121 85.60691
1241.93274 85.76967
1240.00427 85.93789
1238.07581 86.11248
1236.14734 86.29415
1234.21887 86.48335
1232.29041 86.68024
1230.36194 86.88462
1228.43347 87.09601
1226.50500 87.31360
1224.57654 87.53630
1222.64807 87.76282
1220.71960 87.99171
1218.79114 88.22150
1216.86267 88.45078
1214.93420 88.67821
1213.00574 88.90271
1211.07727 89.12350
1209.14880 89.34016
1207.22034 89.55267
1205.29187 89.76138
1203.36340 89.96711
1201.43494 90.17097
1199.50647 90.37431
1197.57800 90.57865
1195.64954 90.78555
1193.72107 90.99654
1191.79260 91.21294
1189.86414 91.43585
1187.93567 91.66599
1186.00720 91.90366
1184.07874 92.14870
1182.15027 92.40053
1180.22180 92.65810
1178.29333 92.92008
1176.36487 93.18486
1174.43640 93.45079
1172.50793 93.71629
1170.57947 93.97997
1168.65100 94.24079
1166.72253 94.49812
1164.79407 94.75172
1162.86560 95.00177
1160.93713 95.24877
1159.00867 95.49348
1157.08020 95.73680
1155.15173 95.97966
1153.22327 96.22277
1151.29480 96.46655
1149.36633 96.71091
1147.43787 96.95524
1145.50940 97.19829
1143.58093 97.43819
1141.65247 97.67256
1139.72400 97.89867
1137.79553 98.11365
1135.86707 98.31467
1133.93860 98.49928
1132.01013 98.66557
1130.08167 98.81239
1128.15320 98.93941
1126.22473 99.04715
1124.29626 99.13698
1122.36780 99.21106
1120.43933 99.27220
1118.51086 99.32359
1116.58240 99.36839
1114.65393 99.40939
1112.72546 99.44846
1110.79700 99.48611
1108.86853 99.52103
1106.94006 99.54974
1105.01160 99.56634
1103.08313 99.56248
1101.15466 99.52742
1099.22620 99.44836
1097.29773 99.31091
1095.36926 99.09978
1093.44080 98.79961
1091.51233 98.39588
1089.58386 97.87593
1087.65540 97.23017
1085.72693 96.45335
1083.79846 95.54555
1081.87000 94.51299
1079.94153 93.36823
1078.01306 92.13004
1076.08459 90.82283
1074.15613 89.47545
1072.22766 88.11974
1070.29919 86.78862
1068.37073 85.51397
1066.44226 84.32432
1064.51379 83.24263
1062.58533 82.28424
1060.65686 81.45521
1058.72839 80.75117
1056.79993 80.15691
1054.87146 79.64667
1052.94299 79.18548
1051.01453 78.73133
1049.08606 78.23827
1047.15759 77.65995
1045.22913 76.95315
1043.30066 76.08118
1041.37219 75.01709
1039.44373 73.74623
1037.51514 72.26823
1035.58667 70.59797
1033.65820 68.76549
1031.72974 66.81490
1029.80127 64.80211
1027.87280 62.79174
1025.94434 60.85323
1024.01587 59.05658
1022.08746 57.46792
1020.15900 56.14542
1018.23053 55.13561
1016.30206 54.47071
1014.37360 54.16696
1012.44513 54.22419
1010.51666 54.62632
1008.58820 55.34273
1006.65973 56.33029
1004.73126 57.53619
1002.80280 58.90134
1000.87433 60.36395
998.94586 61.86303
997.01740 63.34165
995.08893 64.74960
993.16046 66.04534
991.23199 67.19733
989.30353 68.18436
987.37506 68.99539
985.44659 69.62861
983.51813 70.09013
981.58966 70.39236
979.66119 70.55225
977.73273 70.58955
975.80426 70.52525
973.87579 70.38016
971.94733 70.17368
970.01886 69.92287
968.09039 69.64182
966.16193 69.34150
964.23346 69.02991
962.30499 68.71233
960.37653 68.39176
958.44806 68.06944
956.51959 67.74533
954.59113 67.41866
952.66266 67.08826
950.73419 66.75286
948.80573 66.41140
946.87726 66.06311
944.94879 65.70756
943.02032 65.34463
941.09186 64.97446
939.16339 64.59734
937.23492 64.21361
935.30646 63.82350
933.37799 63.42706
931.44952 63.02404
929.52106 62.61385
927.59259 62.19561
925.66412 61.76815
923.73566 61.33005
921.80719 60.87977
919.87872 60.41572
917.95026 59.93636
916.02179 59.44036
914.09332 58.92667
912.16486 58.39460
910.23639 57.84395
908.30792 57.27502
906.37946 56.68859
904.45099 56.08593
902.52252 55.46871
900.59406 54.83901
898.66559 54.19920
896.73712 53.55188
894.80865 52.89975
892.88019 52.24556
890.95172 51.59199
889.02325 50.94157
887.09479 50.29660
885.16632 49.65906
883.23785 49.03058
881.30939 48.41241
879.38092 47.80545
877.45245 47.21021
875.52399 46.62691
873.59552 46.05545
871.66705 45.49554
869.73859 44.94672
867.81012 44.40839
865.88165 43.87990
863.95319 43.36060
862.02472 42.84990
860.09625 42.34737
858.16779 41.85273
856.23932 41.36589
854.31085 40.88698
852.38239 40.41629
850.45392 39.95430
848.52545 39.50158
846.59698 39.05876
844.66852 38.62650
842.74005 38.20551
840.81158 37.79650
838.88312 37.40014
836.95465 37.01709
835.02618 36.64800
833.09772 36.29345
831.16925 35.95398
829.24078 35.63005
827.31232 35.32205
825.38385 35.03025
823.45538 34.75487
821.52692 34.49597
819.59845 34.25350
817.66998 34.02723
815.74152 33.81673
813.81305 33.62130
811.88458 33.43997
809.95612 33.27148
808.02765 33.11433
806.09918 32.96688
804.17072 32.82735
802.24225 32.69395
800.31378 32.56488
798.38531 32.43845
796.45685 32.31310
794.52838 32.18749
792.59991 32.06051
790.67145 31.93134
788.74298 31.79949
786.81451 31.66485
784.88605 31.52764
782.95758 31.38840
781.02911 31.24797
779.10065 31.10735
777.17218 30.96769
775.24371 30.83014
773.31525 30.69584
771.38678 30.56587
769.45831 30.44121
767.52985 30.32268
765.60138 30.21091
763.67291 30.10617
761.74445 30.00840
759.81598 29.91707
757.88751 29.83125
755.95905 29.74959
754.03058 29.67042
752.10211 29.59176
750.17365 29.51143
748.24518 29.42714
746.31671 29.33658
744.38824 29.23749
742.45978 29.12776
740.53131 29.00552
738.60284 28.86922
736.67438 28.71776
734.74591 28.55054
732.81744 28.36752
730.88898 28.16924
728.96051 27.95668
727.03204 27.73122
725.10358 27.49448
723.17511 27.24820
721.24664 26.99417
719.31818 26.73420
717.38971 26.46995
715.46124 26.20293
713.53278 25.93437
711.60431 25.66520
709.67584 25.39609
707.74738 25.12743
705.81891 24.85940
703.89044 24.59205
701.96198 24.32546
700.03351 24.05979
698.10504 23.79544
696.17657 23.53306
694.24811 23.27362
692.31964 23.01841
690.39117 22.76898
688.46271 22.52714
686.53424 22.29488
684.60577 22.07431
682.67731 21.86765
680.74884 21.67709
678.82037 21.50467
676.89191 21.35217
674.96344 21.22106
673.03497 21.11250
671.10651 21.02732
669.17804 20.96606
667.24957 20.92899
665.32111 20.91620
663.39264 20.92756
661.46417 20.96285
659.53571 21.02171
657.60724 21.10373
655.67877 21.20848
653.75031 21.33562
651.82184 21.48487
649.89337 21.65607
647.96490 21.84916
646.03644 22.06418
644.10797 22.30120
642.17950 22.56023
640.25104 22.84110
638.32257 23.14347
636.39410 23.46675
634.46564 23.81008
632.53717 24.17223
630.60870 24.55152
628.68024 24.94579
626.75177 25.35229
624.82330 25.76772
622.89484 26.18820
620.96637 26.60937
619.03790 27.02654
617.10944 27.43490
615.18097 27.82971
613.25250 28.20643
611.32404 28.56090
609.39557 28.88938
607.46710 29.18873
605.53864 29.45637
603.61017 29.69036
601.68170 29.88939
599.75323 30.05273
597.82477 30.18017
595.89630 30.27187
593.96783 30.32828
592.03937 30.34994
590.11090 30.33740
588.18243 30.29106
586.25397 30.21104
584.32550 30.09719
582.39703 29.94913
580.46857 29.76631
578.54010 29.54813
576.61163 29.29397
574.68317 29.00314
572.75470 28.67489
570.82623 28.30842
568.89777 27.90291
566.96930 27.45753
565.04083 26.97153
563.11237 26.44423
561.18390 25.87520
559.25543 25.26430
557.32697 24.61178
555.39850 23.91845
553.47003 23.18566
551.54156 22.41542
549.61310 21.61037
547.68463 20.77390
545.75616 19.91022
543.82764 19.02451
541.89917 18.12289
539.97070 17.21240
538.04224 16.30073
536.11377 15.39599
534.18530 14.50647
532.25684 13.64042
530.32837 12.80595
528.39990 12.01091
526.47144 11.26279
524.54297 10.56854
522.61450 9.93455
520.68604 9.36656
518.75757 8.86959
516.82910 8.44792
514.90063 8.10507
512.97217 7.84393
511.04373 7.66686
509.11526 7.57592
507.18680 7.57306
505.25833 7.66046
503.32986 7.84063
501.40140 8.11644
499.47293 8.49107
497.54446 8.96792
495.61600 9.55065
493.68753 10.24305
491.75906 11.04894
489.83060 11.97166
487.90213 13.01358
485.97366 14.17540
484.04520 15.45576
482.11673 16.85078
480.18826 18.35370
478.25980 19.95547
476.33133 21.64253
474.40286 23.39843
472.47440 25.20476
470.54593 27.04191
468.61746 28.88969
466.68900 30.72798
464.76053 32.53724
462.83206 34.29897
460.90359 35.99631
458.97513 37.60394
457.04666 39.12789
455.11819 40.56541
453.18973 41.90894
451.26126 43.14919
449.33279 44.27769
447.40433 45.28867
445.47586 46.18048
443.54739 46.95643
441.61893 47.62507
439.69046 48.37048
437.76199 48.84554
435.83353 49.14871
433.90506 49.37193
431.97659 49.59839
430.04813 49.90073
428.11966 50.33953
426.19119 50.96219
424.26273 51.80219
422.33426 52.87873
420.40579 51.42482
418.47733 54.62188
416.54886 57.83508
414.62039 60.99335
412.69193 64.02821
410.76346 66.87540
408.83499 69.47630
406.90652 71.77918
404.97806 73.74012
403.04959 75.32359
401.12112 -431602080.00000
